$ANSIBLE_VAULT;1.1;AES256
30663662396261613563626439363631636562653865303263376433613236653833656563383133
6364376262663132386464646563616162313362643237640a376365643262323236643133623933
66336439643937323361383465623562663361636437363532613636653931666466323232383435
6533386135643032630a313337313463306466313631326561633365633335323066616262643362
35333163626364353532386662306562626566393630303766396438313535633936326439333332
36386565393431313562313038393930356232366532303630336436356534626133333536323938
66346366623565303561643165613632633730303637653033386561626264303763343435373633
34306233373538646337306639323738353039366333363238373234373733643861386163626163
39303564326534386431393739323833336338383462373532393732653330313333383238323361
65393133363235623630316363336436643933653732306539353634633934376565653536346335
62636633376261613834356363643238346363616461396138653130376466313938366633303563
38313363646361373163336336653661653132376631333331366638633964633538653661393335
38343938656531316130373261386163613464393738346637323032373837393265353263633735
35663935313535643461396564396438646233373732313237346538316666313937656337613132
32306530643736653335393339376333383561386666613336626230356463353966366462653433
61333331386665373865
